31 6 1 
1 1 1 1 1 1 
1
1 1 1 1 1 1 
1
1 1 1 1 1 1 
1
1 1 1 1 1 1 
1
1 1 1 1 1 1 
1
1 1 1 1 1 1 
1
1 1 1 1 1 1 
1
1 1 1 1 1 1 
1
1 1 1 1 1 1 
1
1 1 1 1 1 1 
1
2 2 2 2 2 2 
2
2 2 2 2 2 2 
2
2 2 2 2 2 2 
2
2 2 2 2 2 2 
2
2 2 2 2 2 2 
2
2 2 2 2 2 2 
2
2 2 2 2 2 2 
2
2 2 2 2 2 2 
2
2 2 2 2 2 2 
2
2 2 2 2 2 2 
2
3866.878243512974 3866 3877 3 3 3 
3
3870.7185628742513 3869 3885 3 3 3 
3
3869.7245508982037 3869 3879 3 3 3 
3
3872.5988023952095 3872 3885 3 3 3 
3
3873.874251497006 3873 3883 3 3 3 
3
3874.506986027944 3874 3884 3 3 3 
3
3889.706586826347 3890 3899 3 3 3 
3
3857.0858283433136 3857 3862 3 3 3 
3
3863.241516966068 3863 3868 3 3 3 
3
3862.4530938123753 3861 3877 3 3 3 
3
3894 3895 3898 3 3 3 
1
