21 2 1 
3916.195608782435 89.82566067864272 
0
3916.6327345309383 53.47684630738523 
0
3913.127744510978 51.61964870259481 
0
3906.375249500998 68.33890618762474 
0
3915.9700598802397 48.241101796407186 
0
3909.820359281437 72.93966467065869 
1
3910.864271457086 55.733540918163676 
1
3913.2854291417166 50.836367265469065 
1
3830.5329341317365 6.825413173652695 
0
3879.079840319361 189.9816127744511 
1
3879.61876247505 196.92836726546906 
0
3901.0958083832334 1.162802395209581 
0
3899.624750499002 1.7109061876247504 
1
3896.377245508982 2.6474011976047906 
0
3904.305389221557 9.176550898203592 
0
3839.2115768463073 12.163145708582835 
0
3852.311377245509 7.574850299401198 
0
3846.245508982036 4.925604790419162 
0
3857.2055888223554 13.08764870259481 
1
3856.882235528942 1.2201037924151696 
1
3866.870259481038 110.84113373253493 
0
